5.324464372285903080e-01
5.076814928374872027e-01
3.105960682473178025e+00
6.248899034839497268e+00
1.142276991353005222e+01
1.156969129850945599e+01
2.650144293624607883e+01
3.700100974066376835e+01
1.888810237692597127e+01
1.125176105885669564e+01
8.596884604860122181e+00
1.524343765199638101e+00
2.881970870087812386e+00
7.252527942291539631e+00
7.499885792777106097e+00
1.080941527641325628e+01
2.095276061847134219e+00
2.854301403026882511e+00
4.820913008186312965e+00
1.653365309029159747e+01
4.022893050683753557e+01
2.106651824046763100e+00
6.606932152405832426e+01
2.904536884483076786e+00
7.958282883514620210e+00
2.450889345786650253e+01
1.668329934527837466e+01
2.134234802032446865e+00
2.235803693459574859e+00
3.205886009838355921e+00
3.580745504548553004e+00
2.508627712018213884e+00
2.956639064000632811e+00
5.739675925216400465e+00
2.013533975226040162e+00
1.061335170853368481e+01
2.455758728769998900e+00
6.464743859679771276e+01
2.452704093643856140e+02
6.774721670610885838e+01
5.033868434712737638e+01
1.316472384073666490e+03
3.109349441130740388e+02
1.974769879630723892e+02
1.036765413178903827e+03
4.408682856554829073e+02
1.987692956423582658e+01
1.247641584676471282e+01
6.284424732028806915e+00
1.728993712664238735e+00
5.777278381676896224e+00
8.955042925685736677e+00
3.067916556170288800e+01
3.006735160314406698e+02
1.192182364745472398e+02
2.472126639012800453e+01
2.143821100128449686e+01
1.145088707733147402e+02
6.915364550709125524e+01
1.087816043997811555e+01
8.352737219547302416e+00
4.544101258161733199e+02
6.109127307917177063e+01
1.849308173215491991e+01
2.090239196689849166e+01
4.087687522228538484e+00
8.087898505735955723e+01
2.406719782764906483e+02
8.052964132425928767e+01
1.082151507718779158e+02
1.769001210096501381e+03
3.680364229700956002e+02
1.964116122925190666e+02
4.530560591040994609e+02
2.651332487131115840e+02
1.297653519373164499e+03
4.846934033296574853e+02
2.581877759730136290e+01
1.755509153630404384e+01
8.970314029238460662e+00
8.669870475809188903e+00
1.897289556948246414e+00
3.626024923469072547e+01
2.683436985461307813e+02
1.181530313934180043e+02
3.571790768152865780e+01
2.483230873124551863e+01
1.070197970028529397e+02
8.589638395842621321e+01
1.466007638969998084e+01
1.123585966147317272e+01
4.894072006791168974e+02
7.088344515489205833e+01
6.915317134764876528e+01
2.142210007080815970e+01
